2 0.10582 0.258302 0.140313 0.28347 0.144013 0.327112 0.120607 0.352289 0.0922733 0.303615
2 0.354667 0.651026 0.378073 0.661099 0.37314 0.692988 0.354667 0.736621 0.33126 0.741653 0.315247 0.726549 0.33126 0.671163
2 0.160027 0.572144 0.19452 0.575504 0.21916 0.640954 0.225313 0.703052 0.195753 0.739973 0.1514 0.734941 0.10952 0.69634 0.10952 0.62753 0.132927 0.582216
2 0.42488 0.701371 0.468 0.716485 0.47662 0.745014 0.47046 0.8004 0.440893 0.832289 0.407633 0.822216 0.386693 0.770191 0.39532 0.721517
2 0.0503867 0.364033 0.100893 0.38753 0.131693 0.451308 0.12184 0.521798 0.06024 0.5604 0.02082 0.548647 0 0.486848 0 0.415595 0.00727333 0.399282
2 0.03068 0.590609 0.0701 0.625849 0.0688667 0.674523 0.0232867 0.716485 0 0.692688 0 0.603906
2 0.405173 0.42277 0.362053 0.454659 0.350967 0.506694 0.360827 0.575504 0.380533 0.605713 0.432273 0.625849 0.466767 0.610745 0.493867 0.565431 0.493867 0.515086 0.471693 0.442916
2 0.21546 0.352289 0.27952 0.362352 0.295533 0.409346 0.295533 0.468093 0.272127 0.506694 0.217927 0.511726 0.17604 0.469764 0.177273 0.385849
2 0.216693 0.221381 0.185893 0.239837 0.174807 0.254941 0.16742 0.28515 0.179733 0.306966 0.204373 0.303615 0.231473 0.278438 0.23394 0.239837
2 0.298 0.119001 0.26104 0.134105 0.249953 0.179419 0.25858 0.231444 0.2943 0.249909 0.31278 0.248229 0.33372 0.224732 0.33742 0.160954 0.317707 0.119001
2 0.41626 0.172707 0.380533 0.189491 0.37684 0.241517 0.39532 0.291862 0.432273 0.300254 0.466767 0.271726 0.47046 0.211308 0.45568 0.179419
2 0.527127 0.271726 0.479087 0.301935 0.475387 0.347248 0.490173 0.38921 0.533287 0.402634 0.572707 0.364033 0.56162 0.290191
2 0.784593 0.102216 0.742707 0.122352 0.74394 0.164314 0.755027 0.202916 0.78336 0.226412 0.82278 0.202916 0.840027 0.157602 0.815393 0.107248
2 0.800607 0.243197 0.773507 0.270045 0.76488 0.310327 0.785827 0.342216 0.830173 0.325431 0.842493 0.271726 0.819087 0.249909
2 0.896693 0.335504 0.958287 0.365713 0.99278 0.42445 0.987853 0.481517 0.939813 0.511726 0.888073 0.488229 0.85974 0.432843 0.85358 0.379137 0.876987 0.338856
2 0.85974 0.592289 0.91764 0.614105 0.933653 0.679555 0.910247 0.756757 0.843727 0.761798 0.812927 0.706412 0.824013 0.635922
